sample_index(1-based)	predicted_classname	prediction_score_of_class2	prediction_score_of_class3	prediction_score_of_class4
21	class2	1.00000	0.00000	0.00000
22	class2	0.86799	0.02532	0.10669
23	class2	0.98367	0.01633	0.00000
24	class2	0.97581	0.02419	0.00000
25	class2	0.97586	0.02414	0.00000
26	class2	0.86263	0.01414	0.12323
27	class2	0.96842	0.02526	0.00632
28	class2	0.97976	0.02024	0.00000
29	class2	0.98167	0.01629	0.00204
30	class2	0.96994	0.02806	0.00200
31	class2	0.95052	0.04536	0.00412
32	class2	0.88192	0.01845	0.09963
33	class2	0.99206	0.00794	0.00000
34	class2	0.97189	0.02811	0.00000
35	class2	0.98986	0.01014	0.00000
36	class2	0.98574	0.01426	0.00000
37	class2	0.95464	0.04536	0.00000
38	class2	0.84306	0.01811	0.13883
39	class2	0.97183	0.02817	0.00000
40	class2	0.98783	0.01014	0.00203
41	class3	0.02554	0.97446	0.00000
42	class3	0.06191	0.93809	0.00000
43	class3	0.00000	0.98323	0.01677
44	class3	0.02381	0.97619	0.00000
45	class3	0.00000	0.99601	0.00399
46	class3	0.00000	1.00000	0.00000
47	class3	0.00200	0.99800	0.00000
48	class3	0.02187	0.97813	0.00000
49	class3	0.02165	0.97638	0.00197
50	class3	0.00398	0.99404	0.00199
51	class3	0.00000	0.99775	0.00225
52	class3	0.04943	0.95057	0.00000
53	class3	0.00000	0.97652	0.02348
54	class3	0.02362	0.97638	0.00000
55	class3	0.01775	0.98225	0.00000
56	class3	0.00000	0.99799	0.00201
57	class3	0.02170	0.97830	0.00000
58	class3	0.00000	1.00000	0.00000
59	class3	0.00000	1.00000	0.00000
60	class3	0.00000	1.00000	0.00000
61	class4	0.13877	0.00000	0.86123
62	class4	0.00000	0.00409	0.99591
63	class4	0.00200	0.00000	0.99800
64	class4	0.00000	0.00000	1.00000
65	class4	0.00000	0.00000	1.00000
66	class4	0.00000	0.00405	0.99595
67	class4	0.00000	0.00000	1.00000
68	class4	0.00201	0.00000	0.99799
69	class4	0.00000	0.00000	1.00000
70	class4	0.00000	0.00000	1.00000
71	class4	0.00000	0.00200	0.99800
72	class4	0.08600	0.00400	0.91000
73	class4	0.00000	0.00200	0.99800
74	class4	0.00606	0.00202	0.99192
75	class4	0.12339	0.00000	0.87661
76	class4	0.00000	0.00605	0.99395
77	class4	0.09159	0.00000	0.90841
78	class4	0.00604	0.00000	0.99396
79	class4	0.01235	0.00000	0.98765
80	class4	0.00000	0.00406	0.99594
